 A[C>A]A A[C>A]C A[C>A]G A[C>A]T A[C>G]A A[C>G]C A[C>G]G A[C>G]T A[C>T]A A[C>T]C A[C>T]G A[C>T]T A[T>A]A A[T>A]C A[T>A]G A[T>A]T A[T>C]A A[T>C]C A[T>C]G A[T>C]T A[T>G]A A[T>G]C A[T>G]G A[T>G]T C[C>A]A C[C>A]C C[C>A]G C[C>A]T C[C>G]A C[C>G]C C[C>G]G C[C>G]T C[C>T]A C[C>T]C C[C>T]G C[C>T]T C[T>A]A C[T>A]C C[T>A]G C[T>A]T C[T>C]A C[T>C]C C[T>C]G C[T>C]T C[T>G]A C[T>G]C C[T>G]G C[T>G]T G[C>A]A G[C>A]C G[C>A]G G[C>A]T G[C>G]A G[C>G]C G[C>G]G G[C>G]T G[C>T]A G[C>T]C G[C>T]G G[C>T]T G[T>A]A G[T>A]C G[T>A]G G[T>A]T G[T>C]A G[T>C]C G[T>C]G G[T>C]T G[T>G]A G[T>G]C G[T>G]G G[T>G]T T[C>A]A T[C>A]C T[C>A]G T[C>A]T T[C>G]A T[C>G]C T[C>G]G T[C>G]T T[C>T]A T[C>T]C T[C>T]G T[C>T]T T[T>A]A T[T>A]C T[T>A]G T[T>A]T T[T>C]A T[T>C]C T[T>C]G T[T>C]T T[T>G]A T[T>G]C T[T>G]G T[T>G]T
"CLL-CW114-Tumor-SM-4CQKE - C" 2.0 0.0 0.0 0.0 2.0 0.0 0.0 0.0 7.0 2.0 1.0 1.0 6.0 3.0 2.0 3.0 9.0 1.0 4.0 7.0 2.0 1.0 1.0 2.0 1.0 0.0 0.0 2.0 0.0 2.0 0.0 1.0 4.0 3.0 1.0 5.0 2.0 1.0 3.0 0.0 7.0 0.0 2.0 2.0 1.0 1.0 3.0 1.0 0.0 3.0 0.0 2.0 2.0 2.0 1.0 7.0 2.0 3.0 2.0 11.0 1.0 0.0 0.0 0.0 3.0 0.0 2.0 2.0 1.0 0.0 0.0 1.0 2.0 2.0 0.0 3.0 0.0 1.0 0.0 2.0 3.0 1.0 0.0 6.0 2.0 1.0 0.0 3.0 3.0 4.0 3.0 14.0 2.0 1.0 1.0 1.0
"CLL-CW114-Tumor-SM-4CQKE - NC" 48.0 28.0 8.0 31.0 22.0 7.0 3.0 9.0 55.0 39.0 91.0 42.0 36.0 25.0 30.0 34.0 62.0 24.0 39.0 51.0 40.0 6.0 13.0 17.0 51.0 18.0 4.0 45.0 8.0 6.0 3.0 9.0 48.0 53.0 50.0 92.0 16.0 11.0 5.0 21.0 25.0 22.0 33.0 38.0 21.0 9.0 18.0 46.0 39.0 18.0 1.0 37.0 7.0 7.0 2.0 5.0 52.0 48.0 67.0 49.0 7.0 12.0 7.0 20.0 29.0 34.0 24.0 28.0 8.0 5.0 4.0 22.0 28.0 24.0 2.0 54.0 8.0 9.0 2.0 21.0 25.0 36.0 50.0 36.0 48.0 10.0 24.0 35.0 40.0 25.0 21.0 54.0 70.0 12.0 14.0 76.0
"CLL-CW119-Tumor-SM-4CQKK - C" 5.0 2.0 1.0 0.0 2.0 0.0 0.0 2.0 11.0 3.0 1.0 3.0 14.0 4.0 6.0 9.0 19.0 1.0 7.0 18.0 10.0 2.0 3.0 4.0 3.0 3.0 0.0 2.0 1.0 2.0 1.0 2.0 5.0 5.0 1.0 7.0 4.0 3.0 3.0 3.0 8.0 1.0 5.0 8.0 2.0 3.0 6.0 1.0 1.0 4.0 0.0 4.0 2.0 2.0 1.0 17.0 3.0 4.0 3.0 15.0 5.0 1.0 1.0 0.0 4.0 3.0 5.0 6.0 5.0 0.0 2.0 5.0 3.0 4.0 0.0 6.0 1.0 1.0 2.0 4.0 5.0 3.0 2.0 12.0 9.0 3.0 3.0 10.0 8.0 8.0 8.0 32.0 6.0 1.0 3.0 13.0
"CLL-CW119-Tumor-SM-4CQKK - NC" 78.0 68.0 15.0 64.0 41.0 16.0 6.0 27.0 124.0 70.0 201.0 76.0 87.0 53.0 60.0 93.0 151.0 66.0 85.0 131.0 129.0 14.0 32.0 46.0 83.0 37.0 12.0 75.0 15.0 13.0 6.0 21.0 88.0 87.0 102.0 148.0 36.0 34.0 27.0 42.0 61.0 56.0 64.0 103.0 70.0 25.0 45.0 135.0 79.0 43.0 3.0 75.0 13.0 14.0 3.0 13.0 82.0 82.0 162.0 104.0 20.0 22.0 23.0 46.0 67.0 71.0 62.0 64.0 18.0 13.0 13.0 58.0 79.0 51.0 4.0 127.0 25.0 20.0 2.0 48.0 60.0 79.0 94.0 91.0 113.0 23.0 67.0 85.0 84.0 66.0 53.0 127.0 206.0 31.0 42.0 204.0
"CLL-CW126-Tumor-SM-4MERW - C" 5.0 5.0 1.0 2.0 2.0 2.0 2.0 4.0 17.0 5.0 1.0 4.0 20.0 4.0 8.0 13.0 29.0 1.0 13.0 23.0 15.0 3.0 4.0 8.0 7.0 3.0 2.0 3.0 1.0 2.0 1.0 3.0 7.0 8.0 3.0 10.0 4.0 5.0 5.0 3.0 11.0 3.0 10.0 11.0 2.0 3.0 7.0 4.0 2.0 5.0 0.0 7.0 4.0 2.0 1.0 26.0 7.0 7.0 4.0 21.0 6.0 2.0 2.0 2.0 4.0 5.0 9.0 9.0 10.0 0.0 3.0 6.0 5.0 5.0 0.0 6.0 2.0 2.0 2.0 7.0 7.0 8.0 2.0 14.0 15.0 3.0 3.0 13.0 10.0 9.0 8.0 42.0 10.0 2.0 3.0 17.0
"CLL-CW126-Tumor-SM-4MERW - NC" 115.0 99.0 18.0 90.0 62.0 31.0 12.0 39.0 217.0 96.0 293.0 113.0 118.0 81.0 80.0 136.0 208.0 91.0 124.0 197.0 178.0 22.0 42.0 66.0 132.0 61.0 16.0 103.0 25.0 20.0 10.0 31.0 131.0 127.0 168.0 202.0 45.0 57.0 50.0 59.0 102.0 72.0 95.0 155.0 98.0 32.0 66.0 200.0 110.0 65.0 7.0 105.0 23.0 25.0 4.0 26.0 114.0 113.0 248.0 140.0 26.0 33.0 32.0 66.0 100.0 92.0 84.0 100.0 27.0 18.0 19.0 76.0 110.0 67.0 8.0 179.0 32.0 26.0 2.0 64.0 94.0 117.0 146.0 134.0 165.0 32.0 87.0 126.0 124.0 106.0 75.0 193.0 298.0 45.0 59.0 261.0
"CLL-CW127-Tumor-SM-4CQKG - C" 9.0 5.0 1.0 3.0 6.0 3.0 2.0 5.0 20.0 6.0 2.0 6.0 22.0 8.0 12.0 16.0 34.0 3.0 17.0 28.0 20.0 4.0 6.0 11.0 9.0 5.0 2.0 8.0 1.0 3.0 1.0 4.0 11.0 11.0 3.0 14.0 8.0 5.0 6.0 5.0 15.0 4.0 15.0 16.0 2.0 6.0 7.0 6.0 4.0 8.0 0.0 10.0 5.0 6.0 2.0 33.0 16.0 13.0 8.0 39.0 7.0 4.0 3.0 4.0 6.0 6.0 11.0 16.0 12.0 0.0 7.0 8.0 5.0 6.0 0.0 7.0 2.0 3.0 2.0 11.0 11.0 11.0 3.0 21.0 19.0 4.0 3.0 15.0 12.0 10.0 12.0 55.0 16.0 2.0 6.0 19.0
"CLL-CW127-Tumor-SM-4CQKG - NC" 181.0 144.0 23.0 134.0 95.0 46.0 17.0 70.0 309.0 144.0 438.0 175.0 173.0 119.0 122.0 207.0 316.0 132.0 191.0 279.0 219.0 36.0 62.0 86.0 206.0 87.0 21.0 153.0 37.0 35.0 14.0 39.0 202.0 179.0 238.0 282.0 73.0 90.0 77.0 100.0 143.0 123.0 137.0 208.0 128.0 41.0 87.0 261.0 166.0 92.0 14.0 144.0 35.0 41.0 9.0 41.0 164.0 172.0 354.0 199.0 37.0 44.0 54.0 88.0 156.0 117.0 118.0 161.0 41.0 27.0 39.0 103.0 186.0 104.0 15.0 287.0 54.0 43.0 8.0 97.0 145.0 168.0 190.0 198.0 223.0 54.0 119.0 175.0 178.0 161.0 106.0 274.0 368.0 62.0 93.0 341.0
"CLL-CW176-Tumor-SM-19DWL - C" 9.0 6.0 1.0 3.0 7.0 5.0 2.0 5.0 24.0 6.0 3.0 6.0 22.0 8.0 13.0 16.0 35.0 3.0 18.0 28.0 20.0 4.0 7.0 12.0 10.0 8.0 3.0 10.0 1.0 3.0 1.0 5.0 11.0 12.0 3.0 15.0 9.0 5.0 7.0 6.0 15.0 4.0 15.0 18.0 2.0 6.0 7.0 6.0 6.0 11.0 0.0 13.0 5.0 7.0 2.0 36.0 19.0 14.0 8.0 47.0 7.0 4.0 3.0 4.0 6.0 6.0 11.0 16.0 12.0 0.0 7.0 8.0 6.0 7.0 0.0 7.0 2.0 3.0 2.0 16.0 13.0 13.0 3.0 22.0 20.0 5.0 3.0 15.0 13.0 10.0 13.0 57.0 16.0 2.0 8.0 20.0
"CLL-CW176-Tumor-SM-19DWL - NC" 237.0 212.0 34.0 186.0 127.0 52.0 22.0 85.0 403.0 171.0 617.0 231.0 198.0 155.0 162.0 260.0 380.0 156.0 235.0 338.0 234.0 41.0 77.0 97.0 257.0 118.0 26.0 189.0 47.0 47.0 16.0 52.0 244.0 225.0 329.0 359.0 90.0 115.0 103.0 135.0 161.0 151.0 157.0 235.0 131.0 46.0 99.0 276.0 197.0 117.0 17.0 178.0 47.0 51.0 13.0 56.0 212.0 217.0 476.0 259.0 51.0 52.0 71.0 109.0 186.0 137.0 140.0 199.0 43.0 30.0 49.0 113.0 209.0 140.0 23.0 328.0 71.0 56.0 9.0 122.0 186.0 227.0 256.0 256.0 255.0 72.0 134.0 205.0 224.0 198.0 125.0 303.0 376.0 67.0 110.0 361.0
"CLL-JB-0003-Tumor-SM-41QJR - C" 11.0 6.0 1.0 5.0 8.0 5.0 2.0 6.0 30.0 9.0 4.0 8.0 23.0 8.0 13.0 16.0 42.0 4.0 18.0 29.0 21.0 4.0 7.0 13.0 11.0 8.0 3.0 10.0 1.0 4.0 1.0 5.0 13.0 12.0 3.0 16.0 9.0 6.0 7.0 7.0 15.0 5.0 15.0 19.0 2.0 6.0 7.0 7.0 8.0 11.0 0.0 13.0 5.0 7.0 2.0 37.0 21.0 14.0 10.0 47.0 7.0 4.0 3.0 5.0 7.0 6.0 11.0 17.0 12.0 0.0 7.0 8.0 7.0 7.0 1.0 10.0 2.0 4.0 2.0 19.0 13.0 13.0 3.0 23.0 22.0 6.0 3.0 15.0 14.0 10.0 13.0 58.0 16.0 2.0 8.0 21.0
"CLL-JB-0003-Tumor-SM-41QJR - NC" 270.0 241.0 42.0 210.0 136.0 66.0 23.0 95.0 477.0 198.0 758.0 265.0 222.0 179.0 186.0 286.0 430.0 173.0 259.0 375.0 240.0 42.0 82.0 101.0 272.0 131.0 30.0 209.0 53.0 48.0 17.0 58.0 285.0 267.0 410.0 387.0 97.0 134.0 115.0 159.0 176.0 171.0 167.0 264.0 131.0 47.0 104.0 284.0 216.0 132.0 21.0 198.0 52.0 58.0 14.0 65.0 257.0 260.0 564.0 282.0 58.0 60.0 85.0 120.0 205.0 151.0 155.0 228.0 43.0 31.0 84.0 121.0 223.0 160.0 26.0 352.0 83.0 64.0 12.0 151.0 230.0 280.0 312.0 319.0 284.0 81.0 141.0 227.0 241.0 219.0 143.0 328.0 383.0 71.0 116.0 379.0
"CLL-JB-0004-Tumor-SM-41QJS - C" 12.0 7.0 3.0 5.0 8.0 7.0 3.0 6.0 32.0 10.0 4.0 9.0 26.0 9.0 14.0 16.0 44.0 4.0 20.0 29.0 23.0 4.0 8.0 13.0 11.0 10.0 3.0 10.0 1.0 4.0 1.0 6.0 15.0 13.0 4.0 18.0 10.0 6.0 8.0 7.0 15.0 6.0 16.0 20.0 2.0 6.0 8.0 7.0 9.0 11.0 0.0 14.0 6.0 7.0 2.0 37.0 21.0 16.0 10.0 47.0 7.0 4.0 4.0 5.0 7.0 7.0 13.0 18.0 14.0 0.0 9.0 8.0 7.0 8.0 1.0 10.0 2.0 6.0 2.0 21.0 14.0 14.0 4.0 25.0 22.0 6.0 3.0 15.0 15.0 10.0 14.0 58.0 16.0 2.0 8.0 22.0
"CLL-JB-0004-Tumor-SM-41QJS - NC" 317.0 277.0 47.0 250.0 151.0 70.0 25.0 111.0 559.0 246.0 925.0 314.0 243.0 208.0 216.0 323.0 493.0 183.0 302.0 434.0 250.0 47.0 92.0 108.0 303.0 152.0 32.0 223.0 63.0 59.0 18.0 73.0 338.0 329.0 479.0 442.0 113.0 152.0 127.0 185.0 191.0 194.0 186.0 288.0 133.0 50.0 112.0 293.0 246.0 147.0 26.0 219.0 57.0 64.0 14.0 74.0 307.0 318.0 701.0 332.0 64.0 67.0 101.0 138.0 233.0 175.0 170.0 262.0 48.0 33.0 99.0 129.0 258.0 179.0 29.0 382.0 96.0 70.0 13.0 175.0 283.0 343.0 367.0 368.0 302.0 90.0 151.0 256.0 270.0 245.0 159.0 362.0 395.0 80.0 125.0 397.0
"CLL-JB-0005-Tumor-SM-41QJT - C" 14.0 10.0 3.0 6.0 9.0 8.0 4.0 7.0 37.0 13.0 9.0 13.0 27.0 9.0 16.0 18.0 47.0 4.0 22.0 33.0 24.0 5.0 8.0 13.0 13.0 13.0 4.0 10.0 2.0 5.0 1.0 8.0 20.0 15.0 8.0 23.0 10.0 6.0 10.0 7.0 16.0 8.0 16.0 21.0 2.0 6.0 8.0 9.0 12.0 12.0 0.0 14.0 6.0 8.0 2.0 39.0 23.0 18.0 10.0 50.0 7.0 4.0 4.0 5.0 10.0 8.0 15.0 19.0 15.0 0.0 9.0 9.0 8.0 10.0 1.0 11.0 3.0 6.0 2.0 21.0 16.0 15.0 6.0 26.0 24.0 6.0 3.0 15.0 17.0 11.0 17.0 59.0 17.0 4.0 8.0 24.0
"CLL-JB-0005-Tumor-SM-41QJT - NC" 341.0 298.0 50.0 271.0 174.0 81.0 27.0 125.0 618.0 273.0 1047.0 337.0 260.0 222.0 231.0 346.0 541.0 199.0 322.0 480.0 255.0 54.0 99.0 111.0 324.0 160.0 35.0 238.0 72.0 66.0 18.0 81.0 368.0 353.0 535.0 469.0 119.0 165.0 131.0 200.0 206.0 214.0 202.0 313.0 136.0 53.0 114.0 298.0 263.0 160.0 29.0 237.0 64.0 73.0 14.0 81.0 348.0 358.0 789.0 365.0 74.0 76.0 110.0 147.0 255.0 193.0 191.0 284.0 49.0 34.0 116.0 136.0 275.0 198.0 31.0 401.0 104.0 81.0 13.0 203.0 314.0 399.0 408.0 402.0 327.0 100.0 159.0 278.0 283.0 264.0 175.0 385.0 397.0 87.0 133.0 409.0
"CLL-JB-0006-Tumor-SM-41QJU - C" 17.0 14.0 3.0 7.0 11.0 10.0 4.0 9.0 38.0 16.0 14.0 19.0 32.0 9.0 19.0 19.0 54.0 5.0 24.0 34.0 25.0 5.0 9.0 14.0 18.0 15.0 7.0 12.0 2.0 5.0 1.0 9.0 20.0 19.0 9.0 26.0 10.0 7.0 12.0 8.0 19.0 9.0 19.0 24.0 2.0 7.0 8.0 10.0 15.0 13.0 0.0 17.0 6.0 9.0 2.0 45.0 24.0 23.0 12.0 57.0 7.0 4.0 5.0 6.0 10.0 9.0 17.0 21.0 15.0 0.0 10.0 9.0 9.0 10.0 2.0 11.0 4.0 7.0 2.0 22.0 17.0 15.0 9.0 31.0 29.0 6.0 4.0 18.0 18.0 15.0 18.0 63.0 17.0 5.0 10.0 25.0
"CLL-JB-0006-Tumor-SM-41QJU - NC" 411.0 345.0 57.0 311.0 206.0 92.0 29.0 143.0 727.0 330.0 1240.0 401.0 285.0 260.0 287.0 403.0 622.0 229.0 366.0 545.0 265.0 60.0 112.0 121.0 390.0 197.0 37.0 268.0 84.0 77.0 22.0 100.0 434.0 425.0 630.0 562.0 133.0 191.0 164.0 235.0 230.0 244.0 237.0 338.0 142.0 63.0 125.0 311.0 312.0 184.0 34.0 274.0 83.0 82.0 17.0 91.0 416.0 435.0 935.0 425.0 97.0 93.0 125.0 169.0 292.0 225.0 225.0 315.0 58.0 42.0 138.0 145.0 303.0 231.0 38.0 446.0 117.0 95.0 17.0 243.0 368.0 466.0 476.0 475.0 364.0 122.0 172.0 322.0 331.0 310.0 202.0 437.0 407.0 95.0 151.0 430.0
"CLL-JB-0007-Tumor-SM-41QJV - C" 18.0 15.0 3.0 9.0 12.0 12.0 4.0 9.0 42.0 19.0 15.0 19.0 38.0 9.0 22.0 23.0 66.0 5.0 27.0 41.0 35.0 9.0 10.0 17.0 19.0 16.0 7.0 13.0 3.0 6.0 1.0 10.0 23.0 23.0 11.0 31.0 11.0 11.0 13.0 12.0 25.0 15.0 24.0 33.0 4.0 12.0 11.0 12.0 17.0 17.0 1.0 19.0 8.0 12.0 3.0 54.0 29.0 25.0 12.0 67.0 11.0 4.0 5.0 6.0 13.0 13.0 18.0 26.0 20.0 0.0 10.0 16.0 10.0 10.0 2.0 14.0 5.0 10.0 2.0 25.0 18.0 17.0 10.0 34.0 37.0 8.0 6.0 23.0 23.0 23.0 22.0 71.0 24.0 7.0 11.0 31.0
"CLL-JB-0007-Tumor-SM-41QJV - NC" 441.0 357.0 59.0 327.0 226.0 108.0 32.0 158.0 802.0 359.0 1323.0 419.0 326.0 278.0 308.0 446.0 686.0 244.0 415.0 592.0 347.0 71.0 129.0 166.0 406.0 212.0 42.0 284.0 88.0 82.0 22.0 106.0 460.0 454.0 684.0 600.0 141.0 209.0 175.0 261.0 255.0 268.0 261.0 399.0 195.0 76.0 160.0 446.0 328.0 197.0 38.0 289.0 87.0 88.0 17.0 103.0 442.0 467.0 995.0 459.0 103.0 98.0 138.0 190.0 321.0 252.0 251.0 339.0 76.0 58.0 165.0 207.0 325.0 243.0 42.0 484.0 124.0 98.0 17.0 262.0 392.0 497.0 514.0 533.0 419.0 127.0 192.0 360.0 360.0 358.0 219.0 487.0 525.0 111.0 177.0 545.0
"CLL-JB-0008-Tumor-SM-41QJW - C" 21.0 19.0 3.0 11.0 16.0 13.0 4.0 13.0 46.0 23.0 16.0 24.0 57.0 11.0 25.0 27.0 83.0 7.0 36.0 59.0 46.0 14.0 13.0 19.0 22.0 16.0 7.0 14.0 3.0 7.0 1.0 12.0 27.0 28.0 11.0 35.0 15.0 13.0 15.0 14.0 29.0 18.0 28.0 39.0 4.0 13.0 13.0 15.0 18.0 20.0 1.0 21.0 9.0 14.0 3.0 63.0 36.0 28.0 14.0 73.0 14.0 5.0 8.0 8.0 19.0 17.0 21.0 33.0 23.0 1.0 11.0 21.0 11.0 11.0 2.0 16.0 6.0 13.0 2.0 29.0 20.0 19.0 14.0 43.0 46.0 9.0 11.0 30.0 33.0 28.0 25.0 86.0 29.0 8.0 14.0 41.0
"CLL-JB-0008-Tumor-SM-41QJW - NC" 504.0 406.0 61.0 368.0 255.0 125.0 41.0 182.0 909.0 410.0 1457.0 470.0 376.0 307.0 360.0 511.0 776.0 273.0 487.0 682.0 412.0 82.0 146.0 211.0 481.0 233.0 48.0 329.0 101.0 92.0 27.0 128.0 526.0 535.0 745.0 685.0 167.0 234.0 192.0 286.0 293.0 304.0 297.0 471.0 232.0 88.0 183.0 540.0 411.0 228.0 47.0 345.0 101.0 103.0 20.0 124.0 501.0 540.0 1095.0 520.0 117.0 116.0 156.0 212.0 378.0 287.0 307.0 412.0 85.0 67.0 176.0 252.0 415.0 305.0 50.0 622.0 140.0 114.0 20.0 298.0 456.0 580.0 557.0 606.0 476.0 142.0 219.0 405.0 414.0 409.0 253.0 579.0 613.0 127.0 208.0 631.0
"CLL-JB-0009-Tumor-SM-4MERT - C" 22.0 22.0 3.0 14.0 19.0 17.0 4.0 15.0 47.0 27.0 16.0 28.0 68.0 11.0 30.0 32.0 91.0 11.0 40.0 65.0 53.0 18.0 15.0 24.0 23.0 19.0 7.0 15.0 4.0 8.0 2.0 14.0 29.0 29.0 11.0 37.0 19.0 16.0 17.0 16.0 35.0 18.0 33.0 45.0 6.0 15.0 14.0 19.0 20.0 21.0 1.0 22.0 10.0 18.0 4.0 67.0 41.0 33.0 14.0 79.0 17.0 5.0 8.0 8.0 24.0 19.0 23.0 38.0 25.0 1.0 11.0 26.0 11.0 12.0 2.0 17.0 6.0 15.0 2.0 29.0 21.0 19.0 16.0 47.0 52.0 11.0 12.0 34.0 37.0 33.0 25.0 93.0 32.0 9.0 15.0 45.0
"CLL-JB-0009-Tumor-SM-4MERT - NC" 538.0 436.0 64.0 391.0 265.0 133.0 42.0 209.0 970.0 432.0 1524.0 491.0 407.0 323.0 376.0 541.0 857.0 303.0 526.0 746.0 466.0 89.0 162.0 252.0 509.0 248.0 54.0 351.0 110.0 100.0 27.0 133.0 557.0 572.0 790.0 740.0 185.0 249.0 208.0 300.0 319.0 334.0 330.0 532.0 262.0 97.0 204.0 618.0 432.0 248.0 52.0 361.0 110.0 105.0 22.0 131.0 525.0 567.0 1149.0 548.0 124.0 122.0 164.0 221.0 409.0 309.0 329.0 445.0 92.0 71.0 179.0 278.0 459.0 319.0 50.0 683.0 154.0 119.0 23.0 309.0 490.0 607.0 586.0 644.0 524.0 152.0 237.0 436.0 442.0 446.0 275.0 651.0 679.0 139.0 224.0 687.0
"CLL-JB-0010-Tumor-SM-41QJY - C" 24.0 23.0 4.0 15.0 22.0 19.0 4.0 20.0 53.0 31.0 18.0 36.0 92.0 14.0 37.0 38.0 105.0 14.0 47.0 82.0 61.0 20.0 19.0 28.0 25.0 19.0 9.0 16.0 5.0 9.0 2.0 15.0 30.0 34.0 12.0 40.0 21.0 16.0 21.0 17.0 42.0 23.0 37.0 55.0 8.0 16.0 15.0 21.0 21.0 25.0 1.0 24.0 11.0 18.0 4.0 79.0 45.0 43.0 15.0 97.0 20.0 6.0 9.0 9.0 28.0 20.0 26.0 45.0 28.0 1.0 12.0 27.0 12.0 13.0 2.0 18.0 6.0 17.0 3.0 30.0 28.0 23.0 17.0 55.0 58.0 14.0 14.0 38.0 54.0 38.0 28.0 107.0 39.0 11.0 16.0 51.0
"CLL-JB-0010-Tumor-SM-41QJY - NC" 588.0 476.0 71.0 431.0 282.0 150.0 46.0 234.0 1048.0 468.0 1635.0 528.0 462.0 347.0 401.0 606.0 950.0 340.0 579.0 815.0 546.0 96.0 178.0 291.0 560.0 268.0 57.0 392.0 120.0 106.0 28.0 148.0 613.0 618.0 864.0 809.0 203.0 269.0 226.0 321.0 357.0 375.0 380.0 611.0 291.0 109.0 234.0 719.0 475.0 276.0 57.0 405.0 116.0 117.0 25.0 144.0 566.0 608.0 1227.0 604.0 140.0 135.0 179.0 242.0 439.0 339.0 363.0 492.0 107.0 83.0 196.0 305.0 521.0 350.0 55.0 794.0 173.0 128.0 25.0 329.0 535.0 669.0 626.0 703.0 581.0 167.0 277.0 494.0 494.0 491.0 302.0 744.0 789.0 167.0 251.0 795.0
"CLL-JB-0011-Tumor-SM-41QJZ - C" 26.0 26.0 4.0 15.0 22.0 20.0 4.0 22.0 55.0 34.0 20.0 37.0 94.0 15.0 37.0 38.0 105.0 14.0 47.0 82.0 61.0 21.0 20.0 29.0 25.0 21.0 10.0 16.0 5.0 9.0 2.0 15.0 30.0 36.0 13.0 40.0 21.0 17.0 22.0 17.0 44.0 24.0 37.0 55.0 8.0 16.0 15.0 21.0 23.0 25.0 1.0 25.0 11.0 18.0 5.0 84.0 49.0 48.0 15.0 107.0 20.0 7.0 10.0 11.0 29.0 20.0 27.0 48.0 28.0 1.0 12.0 27.0 13.0 14.0 3.0 18.0 7.0 17.0 3.0 33.0 30.0 24.0 17.0 58.0 61.0 14.0 16.0 38.0 57.0 38.0 28.0 109.0 40.0 11.0 19.0 54.0
"CLL-JB-0011-Tumor-SM-41QJZ - NC" 618.0 504.0 76.0 455.0 298.0 158.0 48.0 252.0 1113.0 499.0 1710.0 559.0 488.0 364.0 429.0 636.0 1000.0 363.0 601.0 852.0 555.0 100.0 184.0 293.0 590.0 296.0 57.0 415.0 128.0 111.0 28.0 154.0 656.0 659.0 921.0 857.0 215.0 295.0 245.0 344.0 379.0 409.0 397.0 643.0 295.0 113.0 240.0 731.0 503.0 291.0 60.0 421.0 123.0 126.0 25.0 154.0 599.0 645.0 1298.0 638.0 148.0 150.0 192.0 257.0 473.0 357.0 381.0 525.0 112.0 85.0 207.0 314.0 536.0 369.0 61.0 834.0 179.0 146.0 27.0 356.0 560.0 706.0 673.0 760.0 602.0 178.0 285.0 516.0 523.0 516.0 322.0 781.0 796.0 171.0 261.0 810.0
"CLL-JB-0012-Tumor-SM-41QK1 - C" 27.0 26.0 5.0 17.0 24.0 20.0 4.0 23.0 57.0 38.0 20.0 37.0 94.0 16.0 37.0 40.0 107.0 16.0 48.0 85.0 61.0 22.0 20.0 31.0 26.0 24.0 10.0 16.0 5.0 9.0 2.0 20.0 32.0 39.0 16.0 41.0 22.0 18.0 23.0 19.0 45.0 26.0 39.0 57.0 9.0 16.0 15.0 22.0 25.0 26.0 1.0 28.0 13.0 20.0 5.0 98.0 56.0 51.0 16.0 118.0 20.0 8.0 10.0 13.0 29.0 20.0 28.0 48.0 28.0 1.0 13.0 28.0 15.0 17.0 3.0 18.0 8.0 18.0 3.0 35.0 32.0 26.0 18.0 61.0 63.0 14.0 17.0 38.0 59.0 39.0 29.0 113.0 40.0 11.0 20.0 55.0
"CLL-JB-0012-Tumor-SM-41QK1 - NC" 669.0 554.0 81.0 492.0 329.0 167.0 54.0 261.0 1215.0 541.0 1884.0 596.0 521.0 406.0 469.0 681.0 1084.0 386.0 648.0 905.0 563.0 104.0 198.0 299.0 639.0 325.0 64.0 460.0 141.0 115.0 30.0 163.0 721.0 711.0 1022.0 932.0 234.0 315.0 260.0 372.0 404.0 439.0 431.0 676.0 305.0 116.0 252.0 752.0 539.0 318.0 65.0 447.0 130.0 132.0 25.0 166.0 647.0 706.0 1434.0 694.0 169.0 165.0 206.0 273.0 511.0 392.0 406.0 560.0 114.0 88.0 220.0 321.0 556.0 395.0 66.0 870.0 190.0 158.0 30.0 384.0 607.0 762.0 729.0 837.0 637.0 201.0 305.0 563.0 570.0 546.0 343.0 838.0 802.0 179.0 273.0 836.0
"CLL-JB-0013-Tumor-SM-41QK2 - C" 28.0 26.0 5.0 18.0 26.0 21.0 4.0 23.0 64.0 39.0 21.0 43.0 100.0 17.0 38.0 45.0 117.0 18.0 50.0 93.0 66.0 22.0 22.0 33.0 28.0 25.0 10.0 17.0 6.0 11.0 2.0 23.0 35.0 43.0 20.0 44.0 22.0 18.0 25.0 20.0 49.0 29.0 43.0 61.0 10.0 18.0 19.0 24.0 25.0 30.0 1.0 28.0 13.0 21.0 5.0 107.0 59.0 52.0 20.0 135.0 22.0 12.0 11.0 14.0 32.0 20.0 31.0 54.0 30.0 2.0 13.0 28.0 17.0 20.0 5.0 21.0 10.0 21.0 3.0 43.0 39.0 29.0 19.0 66.0 65.0 17.0 18.0 40.0 66.0 42.0 30.0 122.0 44.0 12.0 20.0 59.0
"CLL-JB-0013-Tumor-SM-41QK2 - NC" 711.0 589.0 86.0 528.0 346.0 174.0 57.0 275.0 1303.0 579.0 1989.0 636.0 552.0 427.0 485.0 729.0 1150.0 408.0 690.0 968.0 619.0 117.0 213.0 340.0 679.0 346.0 68.0 493.0 150.0 125.0 32.0 174.0 773.0 756.0 1091.0 981.0 249.0 332.0 275.0 395.0 426.0 477.0 462.0 752.0 342.0 126.0 271.0 839.0 580.0 341.0 72.0 479.0 137.0 137.0 29.0 174.0 693.0 762.0 1492.0 739.0 178.0 177.0 214.0 287.0 537.0 413.0 431.0 598.0 128.0 97.0 235.0 353.0 601.0 421.0 70.0 949.0 200.0 177.0 30.0 404.0 664.0 810.0 762.0 901.0 675.0 216.0 334.0 612.0 609.0 589.0 363.0 911.0 884.0 191.0 295.0 942.0
"CLL-JB-0014-Tumor-SM-41QK3 - C" 34.0 30.0 5.0 22.0 28.0 24.0 4.0 26.0 68.0 40.0 23.0 52.0 108.0 17.0 43.0 49.0 124.0 21.0 53.0 102.0 75.0 23.0 24.0 38.0 31.0 26.0 11.0 18.0 6.0 12.0 2.0 25.0 40.0 47.0 21.0 47.0 26.0 18.0 29.0 25.0 56.0 31.0 49.0 69.0 12.0 23.0 26.0 27.0 26.0 31.0 1.0 30.0 13.0 22.0 6.0 112.0 62.0 56.0 23.0 142.0 26.0 12.0 13.0 16.0 34.0 24.0 34.0 55.0 31.0 3.0 17.0 29.0 20.0 21.0 6.0 25.0 10.0 23.0 3.0 49.0 41.0 31.0 19.0 77.0 71.0 18.0 23.0 45.0 70.0 48.0 31.0 135.0 53.0 14.0 21.0 67.0
"CLL-JB-0014-Tumor-SM-41QK3 - NC" 797.0 680.0 98.0 583.0 383.0 197.0 66.0 308.0 1407.0 646.0 2174.0 691.0 620.0 467.0 537.0 816.0 1275.0 460.0 740.0 1053.0 708.0 131.0 235.0 383.0 742.0 387.0 77.0 557.0 166.0 143.0 34.0 195.0 859.0 832.0 1194.0 1087.0 277.0 377.0 308.0 435.0 473.0 517.0 500.0 834.0 391.0 146.0 298.0 932.0 620.0 375.0 88.0 523.0 153.0 155.0 30.0 191.0 778.0 838.0 1632.0 833.0 196.0 199.0 240.0 311.0 598.0 452.0 473.0 669.0 143.0 104.0 264.0 384.0 666.0 466.0 79.0 1054.0 217.0 195.0 34.0 448.0 719.0 893.0 835.0 969.0 747.0 241.0 383.0 696.0 680.0 648.0 405.0 975.0 1018.0 209.0 338.0 1043.0
"CLL-JB-0016-Tumor-SM-41QK5 - C" 37.0 35.0 5.0 23.0 29.0 26.0 4.0 27.0 69.0 42.0 23.0 54.0 118.0 18.0 45.0 56.0 134.0 22.0 55.0 117.0 78.0 23.0 25.0 39.0 33.0 27.0 11.0 19.0 6.0 13.0 2.0 29.0 41.0 48.0 22.0 49.0 29.0 21.0 29.0 28.0 62.0 34.0 52.0 73.0 12.0 24.0 28.0 28.0 26.0 32.0 1.0 30.0 14.0 22.0 6.0 118.0 66.0 58.0 25.0 148.0 28.0 14.0 15.0 19.0 40.0 30.0 36.0 59.0 32.0 4.0 17.0 30.0 20.0 22.0 6.0 25.0 10.0 24.0 3.0 51.0 44.0 33.0 19.0 85.0 73.0 18.0 24.0 48.0 78.0 49.0 34.0 147.0 54.0 14.0 24.0 71.0
"CLL-JB-0016-Tumor-SM-41QK5 - NC" 854.0 729.0 105.0 629.0 411.0 219.0 71.0 326.0 1490.0 678.0 2278.0 743.0 668.0 509.0 579.0 879.0 1377.0 498.0 808.0 1147.0 767.0 139.0 262.0 414.0 793.0 417.0 83.0 600.0 178.0 150.0 38.0 209.0 926.0 889.0 1253.0 1190.0 302.0 396.0 346.0 474.0 508.0 563.0 535.0 916.0 425.0 157.0 328.0 1015.0 664.0 402.0 93.0 554.0 164.0 163.0 31.0 211.0 818.0 896.0 1707.0 884.0 210.0 216.0 257.0 344.0 652.0 499.0 505.0 727.0 158.0 118.0 280.0 406.0 725.0 496.0 88.0 1130.0 227.0 205.0 38.0 475.0 779.0 952.0 886.0 1033.0 813.0 253.0 420.0 756.0 730.0 689.0 426.0 1048.0 1108.0 222.0 359.0 1136.0
"CLL-JB-0017-Tumor-SM-41QK6 - C" 38.0 38.0 5.0 24.0 29.0 27.0 4.0 29.0 72.0 46.0 23.0 57.0 124.0 18.0 48.0 58.0 141.0 24.0 59.0 126.0 80.0 24.0 26.0 42.0 38.0 29.0 11.0 21.0 6.0 16.0 2.0 29.0 43.0 49.0 23.0 51.0 29.0 22.0 31.0 30.0 65.0 35.0 58.0 74.0 14.0 25.0 32.0 29.0 26.0 33.0 2.0 32.0 16.0 24.0 6.0 125.0 67.0 64.0 26.0 151.0 31.0 14.0 17.0 19.0 44.0 30.0 36.0 61.0 32.0 4.0 19.0 31.0 22.0 22.0 6.0 27.0 10.0 27.0 3.0 53.0 47.0 35.0 20.0 85.0 79.0 18.0 25.0 52.0 84.0 50.0 35.0 153.0 57.0 14.0 24.0 74.0
"CLL-JB-0017-Tumor-SM-41QK6 - NC" 903.0 753.0 108.0 652.0 434.0 226.0 75.0 337.0 1566.0 708.0 2389.0 767.0 703.0 524.0 605.0 919.0 1454.0 523.0 853.0 1199.0 800.0 148.0 271.0 434.0 838.0 431.0 86.0 631.0 186.0 159.0 40.0 213.0 981.0 937.0 1323.0 1239.0 312.0 410.0 362.0 485.0 523.0 587.0 553.0 947.0 439.0 161.0 341.0 1045.0 692.0 418.0 96.0 577.0 168.0 164.0 35.0 221.0 851.0 931.0 1794.0 917.0 220.0 224.0 271.0 359.0 679.0 522.0 528.0 758.0 163.0 121.0 293.0 423.0 747.0 514.0 91.0 1179.0 232.0 208.0 40.0 500.0 809.0 997.0 950.0 1082.0 842.0 263.0 433.0 789.0 766.0 717.0 441.0 1109.0 1142.0 229.0 371.0 1188.0
"CLL-JB-0018-Tumor-SM-41QK8 - C" 41.0 40.0 5.0 26.0 31.0 28.0 5.0 32.0 79.0 53.0 24.0 61.0 141.0 18.0 51.0 64.0 154.0 29.0 65.0 147.0 93.0 26.0 31.0 46.0 42.0 32.0 13.0 25.0 8.0 16.0 2.0 33.0 44.0 53.0 25.0 60.0 34.0 25.0 33.0 33.0 69.0 45.0 63.0 86.0 17.0 27.0 36.0 37.0 32.0 34.0 2.0 35.0 19.0 28.0 6.0 140.0 70.0 70.0 27.0 170.0 37.0 15.0 21.0 21.0 46.0 35.0 41.0 68.0 36.0 5.0 22.0 39.0 22.0 31.0 6.0 30.0 11.0 31.0 3.0 58.0 50.0 38.0 22.0 90.0 87.0 18.0 29.0 58.0 93.0 58.0 41.0 166.0 71.0 18.0 30.0 89.0
"CLL-JB-0018-Tumor-SM-41QK8 - NC" 965.0 799.0 111.0 689.0 466.0 251.0 79.0 361.0 1688.0 766.0 2555.0 830.0 743.0 561.0 649.0 992.0 1552.0 573.0 918.0 1302.0 910.0 170.0 285.0 528.0 887.0 460.0 91.0 686.0 198.0 168.0 41.0 233.0 1057.0 986.0 1437.0 1307.0 337.0 456.0 386.0 537.0 566.0 660.0 601.0 1114.0 502.0 216.0 381.0 1370.0 760.0 452.0 104.0 620.0 180.0 173.0 36.0 236.0 913.0 1000.0 1932.0 983.0 243.0 239.0 300.0 387.0 742.0 575.0 564.0 811.0 185.0 141.0 321.0 542.0 814.0 549.0 96.0 1276.0 255.0 234.0 43.0 544.0 862.0 1072.0 1013.0 1168.0 907.0 285.0 472.0 858.0 839.0 778.0 479.0 1223.0 1316.0 257.0 407.0 1398.0
"CLL-JB-0023-Tumor-SM-41QKD - C" 42.0 42.0 6.0 26.0 34.0 28.0 5.0 35.0 79.0 53.0 26.0 61.0 147.0 19.0 54.0 67.0 163.0 29.0 66.0 156.0 96.0 27.0 31.0 47.0 44.0 32.0 13.0 25.0 8.0 17.0 2.0 35.0 46.0 55.0 29.0 62.0 35.0 28.0 34.0 34.0 73.0 49.0 67.0 88.0 17.0 29.0 36.0 38.0 32.0 34.0 3.0 37.0 21.0 29.0 6.0 144.0 71.0 72.0 28.0 182.0 37.0 15.0 21.0 23.0 49.0 35.0 44.0 70.0 38.0 5.0 23.0 39.0 23.0 31.0 6.0 31.0 11.0 35.0 3.0 59.0 52.0 40.0 22.0 93.0 90.0 21.0 30.0 61.0 96.0 60.0 44.0 175.0 74.0 18.0 31.0 91.0
"CLL-JB-0023-Tumor-SM-41QKD - NC" 995.0 817.0 113.0 704.0 477.0 255.0 79.0 375.0 1737.0 777.0 2619.0 847.0 757.0 567.0 658.0 1025.0 1593.0 592.0 939.0 1339.0 939.0 176.0 293.0 540.0 908.0 477.0 96.0 706.0 203.0 173.0 41.0 238.0 1072.0 1006.0 1468.0 1337.0 345.0 469.0 393.0 544.0 589.0 678.0 621.0 1148.0 528.0 221.0 396.0 1398.0 780.0 458.0 109.0 638.0 182.0 178.0 36.0 240.0 929.0 1022.0 1990.0 1011.0 247.0 243.0 307.0 397.0 758.0 586.0 580.0 828.0 196.0 148.0 330.0 551.0 844.0 559.0 99.0 1313.0 256.0 236.0 43.0 551.0 882.0 1100.0 1039.0 1194.0 936.0 287.0 487.0 879.0 858.0 800.0 488.0 1265.0 1354.0 262.0 419.0 1434.0
"CLL-JB-0024-Tumor-SM-41QKE - C" 45.0 43.0 6.0 26.0 35.0 29.0 5.0 36.0 80.0 53.0 31.0 62.0 149.0 20.0 55.0 67.0 169.0 30.0 69.0 157.0 100.0 27.0 33.0 49.0 45.0 33.0 13.0 28.0 9.0 17.0 2.0 35.0 46.0 56.0 29.0 66.0 35.0 29.0 36.0 34.0 76.0 54.0 71.0 89.0 18.0 31.0 37.0 39.0 33.0 35.0 3.0 39.0 22.0 30.0 6.0 152.0 74.0 77.0 29.0 191.0 39.0 15.0 21.0 23.0 50.0 36.0 47.0 72.0 38.0 6.0 24.0 39.0 24.0 32.0 7.0 31.0 11.0 35.0 3.0 62.0 53.0 41.0 22.0 95.0 92.0 21.0 32.0 62.0 102.0 61.0 45.0 182.0 75.0 19.0 31.0 93.0
"CLL-JB-0024-Tumor-SM-41QKE - NC" 1034.0 841.0 117.0 726.0 493.0 263.0 81.0 384.0 1791.0 798.0 2698.0 873.0 775.0 580.0 682.0 1052.0 1646.0 606.0 964.0 1395.0 960.0 184.0 300.0 557.0 934.0 497.0 100.0 733.0 211.0 179.0 42.0 251.0 1106.0 1040.0 1524.0 1382.0 349.0 490.0 412.0 569.0 604.0 694.0 640.0 1179.0 544.0 225.0 400.0 1420.0 809.0 471.0 111.0 658.0 188.0 185.0 37.0 251.0 958.0 1053.0 2038.0 1055.0 253.0 247.0 319.0 404.0 776.0 602.0 601.0 859.0 203.0 157.0 340.0 563.0 867.0 583.0 101.0 1340.0 263.0 249.0 46.0 566.0 912.0 1136.0 1075.0 1223.0 955.0 294.0 503.0 907.0 880.0 834.0 495.0 1300.0 1382.0 274.0 428.0 1474.0
"CLL-JB-0025-Tumor-SM-41QKF - C" 46.0 44.0 6.0 27.0 35.0 30.0 5.0 39.0 85.0 58.0 31.0 63.0 152.0 22.0 56.0 69.0 173.0 31.0 70.0 159.0 102.0 27.0 35.0 52.0 48.0 35.0 13.0 29.0 10.0 17.0 2.0 35.0 46.0 58.0 30.0 69.0 35.0 30.0 36.0 36.0 79.0 54.0 72.0 100.0 18.0 31.0 37.0 39.0 35.0 35.0 3.0 42.0 23.0 30.0 6.0 164.0 80.0 88.0 29.0 207.0 39.0 18.0 23.0 24.0 51.0 37.0 47.0 77.0 38.0 6.0 24.0 40.0 26.0 34.0 7.0 32.0 11.0 35.0 3.0 69.0 54.0 44.0 22.0 96.0 95.0 22.0 33.0 64.0 102.0 62.0 45.0 185.0 76.0 19.0 31.0 95.0
"CLL-JB-0025-Tumor-SM-41QKF - NC" 1072.0 883.0 126.0 759.0 515.0 272.0 87.0 402.0 1873.0 825.0 2874.0 923.0 802.0 603.0 714.0 1104.0 1717.0 635.0 995.0 1436.0 971.0 187.0 318.0 567.0 970.0 527.0 108.0 765.0 214.0 184.0 45.0 264.0 1154.0 1087.0 1606.0 1438.0 359.0 518.0 430.0 594.0 623.0 720.0 663.0 1218.0 551.0 235.0 410.0 1435.0 840.0 500.0 115.0 688.0 196.0 196.0 41.0 263.0 994.0 1100.0 2158.0 1109.0 271.0 258.0 332.0 424.0 798.0 625.0 620.0 892.0 206.0 157.0 355.0 579.0 900.0 607.0 106.0 1373.0 275.0 256.0 50.0 590.0 960.0 1188.0 1138.0 1280.0 986.0 310.0 517.0 936.0 923.0 874.0 520.0 1336.0 1399.0 277.0 440.0 1510.0
"CLL-JB-0026-Tumor-SM-41QKG - C" 53.0 46.0 6.0 28.0 35.0 31.0 6.0 40.0 86.0 60.0 33.0 66.0 157.0 23.0 59.0 73.0 177.0 32.0 73.0 172.0 110.0 29.0 35.0 56.0 48.0 37.0 14.0 31.0 12.0 17.0 3.0 37.0 49.0 59.0 32.0 72.0 39.0 32.0 36.0 38.0 84.0 62.0 75.0 106.0 20.0 33.0 38.0 40.0 38.0 36.0 4.0 48.0 26.0 32.0 6.0 167.0 82.0 92.0 31.0 213.0 41.0 18.0 27.0 28.0 57.0 42.0 50.0 82.0 40.0 8.0 26.0 42.0 28.0 36.0 7.0 34.0 11.0 37.0 3.0 71.0 56.0 47.0 24.0 101.0 100.0 23.0 35.0 69.0 110.0 64.0 47.0 194.0 77.0 19.0 31.0 100.0
"CLL-JB-0026-Tumor-SM-41QKG - NC" 1130.0 924.0 130.0 791.0 542.0 288.0 91.0 416.0 1980.0 879.0 3007.0 959.0 840.0 630.0 747.0 1160.0 1814.0 667.0 1049.0 1493.0 1014.0 198.0 331.0 589.0 1015.0 559.0 113.0 805.0 221.0 193.0 45.0 277.0 1205.0 1140.0 1692.0 1532.0 372.0 537.0 457.0 623.0 657.0 762.0 694.0 1268.0 586.0 247.0 422.0 1477.0 884.0 527.0 120.0 716.0 207.0 207.0 45.0 279.0 1045.0 1153.0 2238.0 1172.0 293.0 274.0 345.0 437.0 832.0 653.0 655.0 952.0 215.0 165.0 378.0 595.0 949.0 631.0 114.0 1425.0 283.0 264.0 52.0 626.0 1019.0 1252.0 1194.0 1359.0 1035.0 318.0 537.0 974.0 972.0 912.0 548.0 1398.0 1448.0 293.0 464.0 1566.0
"CLL-JB-0029-Tumor-SM-41QKJ - C" 54.0 46.0 6.0 28.0 37.0 31.0 6.0 44.0 89.0 63.0 34.0 67.0 161.0 25.0 60.0 74.0 180.0 34.0 75.0 174.0 112.0 31.0 37.0 58.0 48.0 38.0 14.0 33.0 14.0 18.0 3.0 37.0 50.0 61.0 32.0 73.0 39.0 33.0 38.0 40.0 87.0 65.0 78.0 113.0 21.0 34.0 38.0 43.0 38.0 37.0 4.0 48.0 28.0 32.0 6.0 171.0 87.0 94.0 32.0 218.0 42.0 18.0 28.0 29.0 59.0 42.0 54.0 83.0 41.0 8.0 26.0 42.0 29.0 36.0 7.0 34.0 11.0 37.0 3.0 73.0 57.0 52.0 24.0 104.0 103.0 24.0 35.0 72.0 114.0 69.0 49.0 197.0 78.0 19.0 34.0 101.0
"CLL-JB-0029-Tumor-SM-41QKJ - NC" 1163.0 944.0 132.0 817.0 563.0 291.0 93.0 424.0 2035.0 893.0 3089.0 978.0 862.0 641.0 766.0 1195.0 1868.0 679.0 1081.0 1531.0 1034.0 201.0 337.0 608.0 1054.0 573.0 116.0 827.0 223.0 199.0 46.0 284.0 1235.0 1179.0 1745.0 1576.0 383.0 550.0 470.0 638.0 693.0 789.0 712.0 1311.0 608.0 252.0 444.0 1528.0 909.0 544.0 121.0 736.0 209.0 213.0 46.0 287.0 1058.0 1172.0 2308.0 1193.0 296.0 281.0 357.0 445.0 854.0 673.0 675.0 971.0 225.0 171.0 384.0 606.0 977.0 640.0 118.0 1471.0 287.0 269.0 55.0 645.0 1050.0 1278.0 1225.0 1393.0 1065.0 326.0 552.0 1001.0 997.0 931.0 567.0 1440.0 1486.0 300.0 475.0 1628.0
"CLL-JB-0030-Tumor-SM-41QKK - C" 55.0 48.0 7.0 30.0 38.0 32.0 6.0 46.0 91.0 64.0 34.0 69.0 164.0 26.0 63.0 78.0 184.0 36.0 77.0 183.0 113.0 31.0 37.0 59.0 49.0 39.0 14.0 34.0 14.0 18.0 3.0 38.0 54.0 62.0 33.0 78.0 39.0 36.0 39.0 41.0 89.0 68.0 79.0 115.0 21.0 34.0 38.0 45.0 40.0 38.0 6.0 49.0 32.0 34.0 6.0 176.0 92.0 100.0 34.0 224.0 42.0 18.0 29.0 30.0 61.0 43.0 55.0 85.0 43.0 9.0 26.0 42.0 29.0 36.0 7.0 37.0 13.0 38.0 3.0 74.0 59.0 54.0 24.0 107.0 103.0 25.0 36.0 73.0 115.0 71.0 53.0 204.0 82.0 20.0 36.0 103.0
"CLL-JB-0030-Tumor-SM-41QKK - NC" 1210.0 985.0 137.0 859.0 588.0 303.0 97.0 440.0 2110.0 929.0 3223.0 1013.0 893.0 678.0 800.0 1240.0 1929.0 701.0 1121.0 1597.0 1061.0 206.0 354.0 621.0 1097.0 603.0 119.0 869.0 234.0 212.0 48.0 296.0 1293.0 1244.0 1806.0 1652.0 395.0 575.0 500.0 661.0 722.0 821.0 749.0 1348.0 620.0 261.0 456.0 1582.0 935.0 563.0 125.0 759.0 215.0 222.0 50.0 298.0 1108.0 1215.0 2418.0 1252.0 308.0 295.0 378.0 468.0 893.0 702.0 696.0 1009.0 229.0 180.0 399.0 618.0 1006.0 659.0 125.0 1515.0 297.0 285.0 58.0 682.0 1097.0 1340.0 1273.0 1464.0 1105.0 343.0 566.0 1033.0 1036.0 969.0 587.0 1484.0 1507.0 305.0 493.0 1655.0
"CLL-JB-0031-Tumor-SM-41QKL - C" 55.0 48.0 7.0 31.0 38.0 32.0 6.0 46.0 94.0 65.0 34.0 69.0 164.0 26.0 63.0 78.0 184.0 37.0 77.0 184.0 113.0 32.0 37.0 59.0 49.0 39.0 14.0 34.0 14.0 18.0 3.0 38.0 54.0 62.0 34.0 78.0 39.0 36.0 40.0 41.0 89.0 68.0 79.0 117.0 21.0 34.0 38.0 45.0 41.0 39.0 6.0 50.0 33.0 34.0 7.0 176.0 93.0 101.0 34.0 224.0 42.0 18.0 29.0 30.0 61.0 43.0 56.0 85.0 43.0 9.0 27.0 42.0 29.0 37.0 7.0 38.0 14.0 38.0 3.0 75.0 59.0 55.0 25.0 110.0 104.0 26.0 36.0 74.0 116.0 71.0 54.0 206.0 82.0 20.0 36.0 103.0
"CLL-JB-0031-Tumor-SM-41QKL - NC" 1233.0 1007.0 138.0 864.0 594.0 309.0 98.0 445.0 2140.0 939.0 3312.0 1028.0 903.0 684.0 810.0 1252.0 1955.0 708.0 1132.0 1622.0 1067.0 207.0 359.0 623.0 1107.0 610.0 122.0 880.0 234.0 214.0 49.0 299.0 1322.0 1273.0 1847.0 1674.0 399.0 589.0 505.0 666.0 725.0 828.0 763.0 1356.0 621.0 262.0 458.0 1583.0 943.0 573.0 127.0 768.0 219.0 225.0 50.0 301.0 1141.0 1238.0 2481.0 1270.0 312.0 299.0 381.0 474.0 907.0 710.0 703.0 1021.0 230.0 181.0 400.0 622.0 1016.0 669.0 127.0 1531.0 303.0 287.0 58.0 688.0 1108.0 1366.0 1303.0 1491.0 1116.0 349.0 570.0 1047.0 1047.0 986.0 595.0 1498.0 1507.0 307.0 498.0 1662.0
"CLL-JB-0032-Tumor-SM-41QKM - C" 55.0 48.0 7.0 31.0 38.0 32.0 7.0 47.0 99.0 67.0 36.0 71.0 167.0 27.0 64.0 80.0 189.0 41.0 80.0 188.0 114.0 33.0 37.0 60.0 49.0 39.0 15.0 34.0 14.0 18.0 3.0 39.0 54.0 63.0 37.0 80.0 39.0 36.0 42.0 41.0 91.0 69.0 80.0 120.0 22.0 34.0 38.0 45.0 42.0 40.0 6.0 50.0 33.0 35.0 7.0 183.0 96.0 104.0 36.0 232.0 43.0 18.0 30.0 30.0 63.0 47.0 58.0 86.0 43.0 9.0 29.0 42.0 30.0 38.0 7.0 39.0 15.0 38.0 3.0 76.0 61.0 56.0 27.0 112.0 104.0 26.0 36.0 76.0 116.0 72.0 54.0 212.0 82.0 21.0 36.0 106.0
"CLL-JB-0032-Tumor-SM-41QKM - NC" 1259.0 1025.0 140.0 878.0 609.0 313.0 101.0 454.0 2190.0 958.0 3375.0 1063.0 913.0 698.0 825.0 1264.0 1997.0 720.0 1163.0 1648.0 1077.0 211.0 361.0 634.0 1136.0 619.0 126.0 899.0 238.0 217.0 51.0 306.0 1363.0 1303.0 1879.0 1724.0 407.0 600.0 513.0 676.0 740.0 837.0 773.0 1377.0 630.0 269.0 462.0 1616.0 963.0 588.0 128.0 781.0 226.0 230.0 51.0 304.0 1168.0 1274.0 2518.0 1305.0 318.0 304.0 393.0 491.0 926.0 720.0 721.0 1036.0 233.0 185.0 406.0 634.0 1030.0 681.0 128.0 1553.0 309.0 288.0 58.0 704.0 1131.0 1395.0 1328.0 1525.0 1137.0 353.0 581.0 1062.0 1059.0 993.0 608.0 1520.0 1518.0 311.0 503.0 1690.0
"CLL-JB-0072-Tumor-SM-4CQKI - C" 56.0 49.0 7.0 31.0 38.0 33.0 7.0 48.0 102.0 69.0 37.0 74.0 167.0 27.0 64.0 80.0 193.0 43.0 83.0 188.0 114.0 33.0 38.0 60.0 49.0 40.0 15.0 35.0 14.0 19.0 3.0 40.0 57.0 63.0 38.0 83.0 39.0 36.0 43.0 42.0 93.0 69.0 81.0 121.0 22.0 34.0 38.0 46.0 44.0 41.0 7.0 51.0 34.0 35.0 8.0 183.0 98.0 106.0 37.0 239.0 43.0 18.0 30.0 30.0 64.0 47.0 60.0 86.0 43.0 9.0 30.0 42.0 31.0 39.0 7.0 39.0 15.0 38.0 3.0 76.0 61.0 56.0 27.0 113.0 105.0 26.0 36.0 77.0 117.0 74.0 55.0 214.0 82.0 22.0 37.0 106.0
"CLL-JB-0072-Tumor-SM-4CQKI - NC" 1284.0 1042.0 145.0 887.0 620.0 322.0 102.0 462.0 2232.0 974.0 3464.0 1088.0 928.0 718.0 842.0 1280.0 2024.0 728.0 1180.0 1672.0 1083.0 212.0 364.0 636.0 1150.0 633.0 129.0 913.0 240.0 221.0 53.0 314.0 1399.0 1341.0 1931.0 1752.0 409.0 614.0 524.0 689.0 749.0 853.0 783.0 1393.0 631.0 270.0 467.0 1618.0 981.0 597.0 131.0 799.0 231.0 233.0 54.0 307.0 1197.0 1297.0 2566.0 1343.0 321.0 307.0 397.0 498.0 934.0 730.0 733.0 1055.0 235.0 186.0 410.0 635.0 1036.0 686.0 129.0 1567.0 311.0 293.0 59.0 715.0 1158.0 1429.0 1362.0 1563.0 1153.0 361.0 589.0 1076.0 1083.0 1007.0 616.0 1541.0 1521.0 316.0 507.0 1695.0
"CLL-JB-0073-Tumor-SM-4CQKJ - C" 59.0 50.0 7.0 33.0 38.0 33.0 7.0 49.0 105.0 69.0 39.0 76.0 170.0 28.0 66.0 80.0 199.0 43.0 84.0 190.0 114.0 35.0 38.0 60.0 52.0 42.0 15.0 38.0 14.0 19.0 3.0 40.0 59.0 66.0 41.0 84.0 40.0 36.0 45.0 42.0 94.0 69.0 83.0 123.0 23.0 34.0 38.0 46.0 44.0 44.0 7.0 53.0 35.0 35.0 8.0 184.0 100.0 107.0 39.0 240.0 44.0 19.0 30.0 33.0 64.0 47.0 61.0 87.0 44.0 10.0 31.0 43.0 34.0 40.0 7.0 40.0 17.0 38.0 3.0 79.0 63.0 57.0 28.0 116.0 106.0 30.0 36.0 78.0 117.0 76.0 57.0 217.0 82.0 22.0 38.0 108.0
"CLL-JB-0073-Tumor-SM-4CQKJ - NC" 1355.0 1101.0 161.0 952.0 652.0 345.0 107.0 489.0 2374.0 1049.0 3753.0 1169.0 974.0 800.0 901.0 1351.0 2149.0 779.0 1245.0 1771.0 1096.0 216.0 377.0 652.0 1232.0 664.0 138.0 966.0 254.0 239.0 57.0 338.0 1494.0 1459.0 2067.0 1883.0 431.0 649.0 553.0 728.0 786.0 904.0 809.0 1439.0 637.0 280.0 480.0 1639.0 1037.0 625.0 137.0 839.0 247.0 250.0 61.0 326.0 1276.0 1414.0 2784.0 1433.0 339.0 332.0 426.0 528.0 970.0 772.0 772.0 1121.0 242.0 190.0 428.0 647.0 1082.0 730.0 136.0 1624.0 332.0 315.0 63.0 766.0 1248.0 1537.0 1476.0 1642.0 1188.0 393.0 605.0 1144.0 1118.0 1047.0 659.0 1601.0 1538.0 325.0 523.0 1724.0
